Media = -16369.863922706683
Max = -16369.863922706683
Min = -16369.863922706683
Desviacion estandar = 0.0
Moda = -16369.863922706683
Mediana = -16369.863922706683