Media = -13241.61632545272
Max = -16456.567126261147
Min = -3396.9235290527035
Desviacion estandar = 3945.17692907069
Moda = -12638.59424408598
Mediana = -12638.59424408598