Experimento : replicacion repetición 0 del 31-03-2022 para comprobar cambios crossover 
Inicio: 2022-04-01 15:49:34.851484
Fin: 2022-04-01 16:27:56.841153