Media = -15039.986844725772
Max = -16760.88677243325
Min = -3406.518247729732
Desviacion estandar = 4263.310806806296
Moda = -16760.88677243325
Mediana = -16760.88677243325