Experimento : prueba rendimiento maskcat poblacion 50 y 100 generaciones
    Inicio: 2022-05-12 23:14:06.944290
    Fin: 2022-05-12 23:31:01.659037