Media = -17122.319999999996
Max = -17761.8
Min = -11367.0
Desviacion estandar = 2022.2133181244749
Moda = -17761.8
Mediana = -17761.8