Media = -16007.387093236077
Max = -16383.749705288426
Min = -12620.123584764959
Desviacion estandar = 1190.1630802157545
Moda = -16383.749705288426
Mediana = -16383.749705288426