Experimento : prueba rendimiento maskcat poblacion 50, 100 generacines algortimo generacional, bucle 10 iteraciones
    Inicio: 2022-05-26 19:41:41.745148
    Fin: 2022-05-26 21:24:43.534167
