Media = -13741.123907551093
Max = -13864.158132799554
Min = -12633.815880314962
Desviacion estandar = 389.0683819393268
Moda = -13864.158132799554
Mediana = -13864.158132799554