Media = -11097.942610220805
Max = -13917.238121908606
Min = -804.697021533592
Desviacion estandar = 5208.478782739168
Moda = -13917.238121908606
Mediana = -13917.238121908606