Media = -8775.563333333332

    Min = -136.33333333333334

    Max = -17761.8

    Desviacion estandar = 6379.38517402507

    Moda = -17761.8

    Mediana = -5262.8