Experimento : prueba chache global 
Inicio: 2022-04-04 00:35:15.214250
Fin: 2022-04-04 00:48:31.747612