Media = -14797.11265609747
Max = -14797.112656097468
Min = -14797.112656097468
Desviacion estandar = 1.9173831849720224e-12
Moda = -14797.112656097468
Mediana = -14797.112656097468