Media = -16388.28474490197
Max = -16388.28474490197
Min = -16388.28474490197
Desviacion estandar = 0.0
Moda = -16388.28474490197
Mediana = -16388.28474490197