Media = -14295.389266916976
Max = -15021.273752730576
Min = -11391.85132366257
Desviacion estandar = 1530.2988622341084
Moda = -15021.273752730576
Mediana = -15021.273752730576