Media = -15843.359999999997
Max = -17761.8
Min = -11367.0
Desviacion estandar = 3088.9818672177403
Moda = -17761.8
Mediana = -17761.8