Media = -13774.84843175399
Max = -14801.904585392
Min = -11378.3840732653
Desviacion estandar = 1653.7175179845135
Moda = -14801.904585392
Mediana = -14801.904585392