Experimento : prueba rendimiento maskcat poblacion 50 y 100 generaciones con 30 repeticiones
    Inicio: 2022-05-12 13:07:17.773700
    Fin: 2022-05-12 19:26:19.438119