Media = -9080.91770899342
Max = -14836.819047743153
Min = -839.4977313426458
Desviacion estandar = 6242.114166865619
Moda = -14836.819047743153
Mediana = -11594.353681337343