Media = -12669.813248889559
Max = -15076.139520963472
Min = -2155.6395891556476
Desviacion estandar = 4088.2257955858963
Moda = -15076.139520963472
Mediana = -15076.139520963472