Media = -13647.848669834459
Max = -15101.809550790504
Min = -562.2007412300358
Desviacion estandar = 4597.828012606043
Moda = -15101.809550790504
Mediana = -15101.809550790504