Experimento : maskcat genetico reset cada generacion
Inicio: 2022-04-15 00:12:42.979219
Fin: 2022-04-15 14:16:26.821522