Experimento : prueba rendimiento maskcat poblacion 500 y 100 generacines
    Inicio: 2022-05-14 16:25:38.932675
    Fin: 2022-05-14 19:15:52.197196
