Media = -14300.795160981846
Max = -15049.985290469174
Min = -11304.034643032535
Desviacion estandar = 1579.4314731309546
Moda = -15049.985290469174
Mediana = -15049.985290469174