Experimento : prueba rendimiento maskcat poblacion 1000 y 100 generacines
    Inicio: 2022-05-13 22:36:06.738369
    Fin: 2022-05-14 04:05:18.204340