Media = -16492.34771333931
Max = -16492.347713339306
Min = -16492.347713339306
Desviacion estandar = 3.834766369944045e-12
Moda = -16492.347713339306
Mediana = -16492.347713339306