Experimento : maskcat poblacion inicial 100 máscaras
Inicio: 2022-04-15 20:37:34.529050
Fin: 2022-04-15 21:32:47.342990