Experimento : maskcat poblacion inicial 100 máscaras
Inicio: 2022-04-15 18:33:48.799423
Fin: 2022-04-15 19:27:38.232212