Media = -11324.798313014657
Max = -15115.62536859751
Min = -2165.575053462057
Desviacion estandar = 5437.8015762311825
Moda = -15115.62536859751
Mediana = -15115.62536859751