Media = -9047.051820812596
Max = -13912.332675332063
Min = -1781.520384781994
Desviacion estandar = 5205.884293556586
Moda = -13912.332675332063
Mediana = -9347.08314350149