Experimento : maskcat normal genetico de jmetal
Inicio: 2022-04-12 14:39:40.882981
Fin: 2022-04-12 15:13:25.423991