Experimento : maskcat genetico reset cada 5 generaciones
Inicio: 2022-04-12 16:10:23.787685
Fin: 2022-04-12 20:05:15.756954