Experimento : prueba rendimiento maskcat poblacion 50, 100 generacines algortimo generacional, bucle 10 iteraciones
    Inicio: 2022-05-31 20:57:51.098884
    Fin: 2022-05-31 20:59:46.196875
