Media = -17761.799999999996
Max = -17761.8
Min = -17761.8
Desviacion estandar = 3.834766369944045e-12
Moda = -17761.8
Mediana = -17761.8