Media = -3854.8983333333335
Max = -14801.5
Min = -0.0
Desviacion estandar = 5945.721181949635
Moda = -14801.5
Mediana = -992.3333333333334