Experimento : maskcat
Inicio: 2022-04-18 01:43:01.485071
Fin: 2022-04-18 02:12:35.320016