Experimento : maskcat normal poblacion tamaño 100 y 100 generaciones
Inicio: 2022-04-26 22:33:56.478875
Fin: 2022-04-26 23:28:41.030568