Media = -14152.571867527615
Max = -14842.718228520602
Min = -11391.986423555665
Desviacion estandar = 1454.9562797430838
Moda = -14842.718228520602
Mediana = -14842.718228520602