Experimento : prueba rendimiento maskcat poblacion 50, 100 generacines algortimo generacional, bucle 10 iteraciones
    Inicio: 2022-05-26 11:54:02.858638
    Fin: 2022-05-26 14:56:17.147234
