Media = -15318.581091692356
Max = -16464.273644092194
Min = -12645.298469426067
Desviacion estandar = 1844.740268014382
Moda = -16464.273644092194
Mediana = -16464.273644092194