Media = -11940.750475749344
Max = -15581.51314495532
Min = -870.2888374913445
Desviacion estandar = 5066.026001487686
Moda = -15581.51314495532
Mediana = -13743.099082215389