Media = -8890.842222222222
Max = -17761.8
Min = -246.2
Desviacion estandar = 7655.725796033723
Moda = -17761.8
Mediana = -4385.666666666667