Media = -8910.378571428571
Max = -11101.125
Min = -583.7142857142857
Desviacion estandar = 3561.445557614523
Moda = -11101.125
Mediana = -11101.125